dimension = 4

polygon
 1  1  1 -1
 1 -1  1 -1
 1 -1 -1 -1
 1  1 -1 -1
end

polygon
-1  1  1 -1
-1 -1  1 -1
-1 -1 -1 -1
-1  1 -1 -1
end

polygon
 1  1  1 -1
-1  1  1 -1
-1  1 -1 -1
 1  1 -1 -1
end

polygon
 1 -1  1 -1
-1 -1  1 -1
-1 -1 -1 -1
 1 -1 -1 -1
end

polygon
 1  1  1 -1
-1  1  1 -1
-1 -1  1 -1
 1 -1  1 -1
end

polygon
 1  1 -1 -1
-1  1 -1 -1
-1 -1 -1 -1
 1 -1 -1 -1
end

polygon
 1  1  1  1
 1 -1  1  1
 1 -1 -1  1
 1  1 -1  1
end

polygon
-1  1  1  1
-1 -1  1  1
-1 -1 -1  1
-1  1 -1  1
end

polygon
 1  1  1  1
-1  1  1  1
-1  1 -1  1
 1  1 -1  1
end

polygon
 1 -1  1  1
-1 -1  1  1
-1 -1 -1  1
 1 -1 -1  1
end

polygon
 1  1  1  1
-1  1  1  1
-1 -1  1  1
 1 -1  1  1
end

polygon
 1  1 -1  1
-1  1 -1  1
-1 -1 -1  1
 1 -1 -1  1
end

polygon
 1  1 -1  1
 1 -1 -1  1
 1 -1 -1 -1
 1  1 -1 -1
end

polygon
-1  1 -1  1
-1 -1 -1  1
-1 -1 -1 -1
-1  1 -1 -1
end

polygon
 1  1 -1  1
-1  1 -1  1
-1  1 -1 -1
 1  1 -1 -1
end

polygon
 1 -1 -1  1
-1 -1 -1  1
-1 -1 -1 -1
 1 -1 -1 -1
end

polygon
 1  1 -1  1
-1  1 -1  1
-1 -1 -1  1
 1 -1 -1  1
end

polygon
 1  1 -1 -1
-1  1 -1 -1
-1 -1 -1 -1
 1 -1 -1 -1
end

polygon
 1  1  1  1
 1 -1  1  1
 1 -1  1 -1
 1  1  1 -1
end

polygon
-1  1  1  1
-1 -1  1  1
-1 -1  1 -1
-1  1  1 -1
end

polygon
 1  1  1  1
-1  1  1  1
-1  1  1 -1
 1  1  1 -1
end

polygon
 1 -1  1  1
-1 -1  1  1
-1 -1  1 -1
 1 -1  1 -1
end

polygon
 1  1  1  1
-1  1  1  1
-1 -1  1  1
 1 -1  1  1
end

polygon
 1  1  1 -1
-1  1  1 -1
-1 -1  1 -1
 1 -1  1 -1
end

polygon
 1 -1  1  1
 1 -1 -1  1
 1 -1 -1 -1
 1 -1  1 -1
end

polygon
-1 -1  1  1
-1 -1 -1  1
-1 -1 -1 -1
-1 -1  1 -1
end

polygon
 1 -1  1  1
-1 -1  1  1
-1 -1  1 -1
 1 -1  1 -1
end

polygon
 1 -1 -1  1
-1 -1 -1  1
-1 -1 -1 -1
 1 -1 -1 -1
end

polygon
 1 -1  1  1
-1 -1  1  1
-1 -1 -1  1
 1 -1 -1  1
end

polygon
 1 -1  1 -1
-1 -1  1 -1
-1 -1 -1 -1
 1 -1 -1 -1
end

polygon
 1  1  1  1
 1  1 -1  1
 1  1 -1 -1
 1  1  1 -1
end

polygon
-1  1  1  1
-1  1 -1  1
-1  1 -1 -1
-1  1  1 -1
end

polygon
 1  1  1  1
-1  1  1  1
-1  1  1 -1
 1  1  1 -1
end

polygon
 1  1 -1  1
-1  1 -1  1
-1  1 -1 -1
 1  1 -1 -1
end

polygon
 1  1  1  1
-1  1  1  1
-1  1 -1  1
 1  1 -1  1
end

polygon
 1  1  1 -1
-1  1  1 -1
-1  1 -1 -1
 1  1 -1 -1
end

polygon
-1  1  1  1
-1  1 -1  1
-1  1 -1 -1
-1  1  1 -1
end

polygon
-1 -1  1  1
-1 -1 -1  1
-1 -1 -1 -1
-1 -1  1 -1
end

polygon
-1  1  1  1
-1 -1  1  1
-1 -1  1 -1
-1  1  1 -1
end

polygon
-1  1 -1  1
-1 -1 -1  1
-1 -1 -1 -1
-1  1 -1 -1
end

polygon
-1  1  1  1
-1 -1  1  1
-1 -1 -1  1
-1  1 -1  1
end

polygon
-1  1  1 -1
-1 -1  1 -1
-1 -1 -1 -1
-1  1 -1 -1
end

polygon
 1  1  1  1
 1  1 -1  1
 1  1 -1 -1
 1  1  1 -1
end

polygon
 1 -1  1  1
 1 -1 -1  1
 1 -1 -1 -1
 1 -1  1 -1
end

polygon
 1  1  1  1
 1 -1  1  1
 1 -1  1 -1
 1  1  1 -1
end

polygon
 1  1 -1  1
 1 -1 -1  1
 1 -1 -1 -1
 1  1 -1 -1
end

polygon
 1  1  1  1
 1 -1  1  1
 1 -1 -1  1
 1  1 -1  1
end

polygon
 1  1  1 -1
 1 -1  1 -1
 1 -1 -1 -1
 1  1 -1 -1
end